GAUSS and MATLAB results
===============================

      0.73812929       0.89491979       0.60083804 
x =   0.17653955       0.72832246       0.17583769 
      0.47245871       0.57375655       0.35973716 

     -0.76739354       0.36746227      -0.52543185 
u =  -0.41883638      -0.90776687     -0.023138578 
     -0.48547219       0.20231358       0.85052100 

       1.6951213       0.00000000       0.00000000 
s =   0.00000000       0.32765864       0.00000000 
      0.00000000       0.00000000      0.017020497 

     -0.51308565       0.63042050       0.58250589 
v =  -0.74941332      -0.65989105      0.054069198 
     -0.41847675       0.40879554      -0.81102615


MATHEMATICA results
================================
{-0.767394, 0.367462, 0.525432}, 
{-0.418836, -0.907767, 0.0231386},
{-0.485472, 0.202314, -0.850521}},

 {{1.69512, 0., 0.},
 {0., 0.327659, 0.}, 
 {0., 0., 0.0170205}}, 


{-0.513086, 0.63042, -0.582506}, 
{-0.749413, -0.659891, -0.0540692}, 
{-0.418477, 0.408796, 0.811026}



JAMA results
=======================================
0,73812929 0,89491979 0,60083804 
0,17653955 0,72832246 0,17583769 
0,47245871 0,57375655 0,35973716 

0,7673935412217096 -0,3674622720830323 -0,5254318523717227 
0,4188363766199931 0,9077668729876787 -0,023138580898735373 
0,48547218510542844 -0,20231357567337788 0,85052100184958 

1,6951212628871808 0,00 0,00 
0,00 0,32765863887546004 0,00 
0,00 0,00 0,01702049839049045 

0,5130856514767036 -0,630420496219321 0,582505890266623 
0,7494133197280578 0,659891050701351 0,054069191028143816 
0,4184767502059077 -0,4087955468823644 -0,8110261465490803 